0.010417
0.010417
0.010417
0.0
0.0
0.010417
0.010417
0.010417
0.010417
0.010417
0.020833
0.03125
0.010417
0.010417
0.010417
0.020833
0.010417
0.010417
0.020833
0.020833
0.010417
0.010417
0.020833
0.010417
0.020833
0.010417
0.020833
0.020833
0.020833
0.020833
0.03125
0.020833
0.020833
0.03125
0.020833
0.020833
0.010417
0.010417
0.03125
0.03125
0.020833
0.03125
0.020833
0.041667
0.041667
0.0625
0.114583
0.104167
0.09375
0.104167
0.104167
0.09375
0.020833
0.020833
0.020833
0.010417
0.020833
0.020833
0.020833
0.020833
0.041667
0.041667
0.03125
0.041667
0.03125
0.041667
0.041667
0.041667
0.041667
0.03125
0.03125
0.03125
0.041667
0.052083
0.041667
0.041667
0.03125
0.03125
0.041667
0.052083
0.052083
0.052083
0.0625
0.052083
0.0625
0.0625
0.041667
0.041667
0.041667
0.052083
0.041667
0.0625
0.052083
0.0625
0.072917
0.072917
0.072917
0.114583
0.177083
0.15625
0.15625
0.166667
0.177083
0.135417
0.0625
0.052083
0.041667
0.041667
0.052083
0.041667
0.041667
0.052083
0.052083
0.0625
0.0625
0.0625
0.0625
0.0625
0.083333
0.072917
0.072917
0.072917
0.072917
0.0625
0.072917
0.083333
0.072917
0.072917
0.072917
0.0625
0.083333
0.083333
0.083333
0.083333
0.104167
0.083333
0.09375
0.09375
0.083333
0.072917
0.072917
0.083333
0.083333
0.09375
0.104167
0.104167
0.104167
0.125
0.125
0.15625
0.270833
0.21875
0.21875
0.21875
0.229167
0.1875
0.104167
0.083333
0.072917
0.072917
0.072917
0.083333
0.072917
0.083333
0.083333
0.104167
0.114583
0.09375
0.104167
0.114583
0.104167
0.09375
0.104167
0.114583
0.114583
0.114583
0.104167
0.114583
0.114583
0.125
0.104167
0.09375
0.104167
0.104167
0.114583
0.104167
0.114583
0.135417
0.145833
0.135417
0.145833
0.135417
0.145833
0.135417
0.114583
0.135417
0.135417
0.125
0.125
0.15625
0.197917
0.208333
0.385417
0.270833
0.260417
0.291667
0.322917
0.270833
0.166667
0.104167
0.104167
0.104167
0.104167
0.114583
0.125
0.125
0.114583
0.125
0.145833
0.145833
0.114583
0.125
0.135417
0.135417
0.135417
0.135417
0.145833
0.145833
0.135417
0.125
0.135417
0.125
0.125
0.135417
0.125
0.114583
0.125
0.125
0.145833
0.166667
0.166667
0.15625
0.125
0.114583
0.114583
0.125
0.114583
0.135417
0.125
0.125
0.145833
0.15625
0.1875
0.229167
0.25
0.46875
0.354167
0.354167
0.395833
0.416667
0.270833
0.145833
0.145833
0.135417
0.125
0.135417
0.15625
0.15625
0.135417
0.15625
0.166667
0.145833
0.145833
0.15625
0.177083
0.135417
0.15625
0.145833
0.15625
0.15625
0.145833
0.135417
0.135417
0.145833
0.166667
0.145833
0.15625
0.145833
0.166667
0.15625
0.166667
0.1875
0.208333
0.197917
0.166667
0.145833
0.145833
0.166667
0.177083
0.197917
0.197917
0.177083
0.166667
0.166667
0.1875
0.239583
0.260417
0.5
0.364583
0.354167
0.385417
0.385417
0.302083
0.166667
0.15625
0.135417
0.125
0.135417
0.166667
0.15625
0.125
0.166667
0.177083
0.166667
0.177083
0.1875
0.15625
0.15625
0.15625
0.166667
0.1875
0.177083
0.166667
0.15625
0.177083
0.177083
0.1875
0.166667
0.15625
0.15625
0.177083
0.177083
0.15625
0.197917
0.208333
0.197917
0.166667
0.145833
0.177083
0.197917
0.197917
0.21875
0.229167
0.177083
0.208333
0.208333
0.239583
0.291667
0.34375
0.59375
0.447917
0.40625
0.458333
0.4375
0.458333
0.28125
0.270833
0.270833
0.229167
0.239583
0.25
0.260417
0.260417
0.25
0.260417
0.260417
0.270833
0.28125
0.260417
0.291667
0.302083
0.25
0.291667
0.28125
0.291667
0.25
0.28125
0.302083
0.3125
0.270833
0.28125
0.28125
0.291667
0.291667
0.28125
0.322917
0.34375
0.34375
0.270833
0.260417
0.302083
0.333333
0.354167
0.354167
0.34375
0.28125
0.322917
0.333333
0.333333
0.4375
0.458333
0.854167
0.666667
0.583333
0.635417
0.625
0.541667
0.364583
0.291667
0.302083
0.270833
0.260417
0.28125
0.302083
0.322917
0.291667
0.354167
0.364583
0.333333
0.3125
0.302083
0.270833
0.302083
0.291667
0.291667
0.322917
0.3125
0.28125
0.291667
0.322917
0.322917
0.302083
0.28125
0.302083
0.291667
0.3125
0.270833
0.3125
0.354167
0.364583
0.3125
0.270833
0.291667
0.302083
0.333333
0.322917
0.333333
0.302083
0.333333
0.3125
0.28125
0.395833
0.479167
0.916667
0.666667
0.5625
0.604167
0.572917
0.625
0.458333
0.3125
0.291667
0.260417
0.239583
0.25
0.302083
0.291667
0.260417
0.34375
0.34375
0.3125
0.333333
0.302083
0.291667
0.28125
0.3125
0.354167
0.322917
0.34375
0.333333
0.3125
0.333333
0.34375
0.302083
0.28125
0.3125
0.3125
0.322917
0.302083
0.322917
0.385417
0.395833
0.333333
0.291667
0.3125
0.3125
0.322917
0.3125
0.322917
0.322917
0.34375
0.354167
0.3125
0.385417
0.46875
0.458333
1.0
0.541667
0.4375
0.427083
0.4375
0.291667
0.197917
0.166667
0.15625
0.135417
0.145833
0.166667
0.177083
0.145833
0.177083
0.1875
0.177083
0.197917
0.28125
0.302083
0.229167
0.1875
0.197917
0.197917
0.197917
0.208333
0.208333
0.197917
0.208333
0.1875
0.166667
0.197917
0.208333
0.208333
